140,103519698  7,33687201763e-06
168,756753336  1,97485876605e-05
165,887010455  2,11537117211e-05
200,97465339  9,19502034434e-05
207,396410257  8,58242062722e-05
218,384326375  0,000208878389192
230,568941399  0,000148198566485
233,924991806  0,000386462678338
258,594590056  0,00100650737151
278,600664901  0,00262236178449
286,698394541  0,00356727488234
284,27141827  0,00596265667373
279,441782071  0,00707782638702
308,003021807  0,0106588441398
308,901701402  0,0150103279617
362,687954445  0,133975819344
