80,2161970829  1,51837797267e-05
100,864351078  6,3743516641e-05
105,595583671  0,00010287703222
128,648199838  0,000196594379309
147,607050268  0,000607280916779
149,736439903  0,000696268409646
151,462692129  0,000798329578451
164,102768535  0,00120255031869
175,272983134  0,0018118266963
175,783453452  0,00246562411992
179,860848756  0,00335434541489
185,60696797  0,00302548517505
183,508151455  0,00472255495665
188,300564391  0,0059992885755
193,772626139  0,00788631040973
197,123724921  0,00711464890851
197,133157454  0,00968238083814
214,203223051  0,0179103408586
216,059557134  0,0243712117354
234,080505088  0,0279151089417
232,758836921  0,0406859692348
232,771212178  0,0572984940531
259,575339828  0,38918232541
299,50889429  0,64904876427
